E 71403642 1 13832
E 71403656 1 13832
E 71403667 1 13832
E 71403668 1 13832
E 71403675 1 13832
E 71403724 1 13832
E 71403775 1 13832
E 71403782 1 13832
E 71403783 1 13832
E 71403789 1 13832
E 71403794 1 13832
E 71403799 1 13832
E 71403809 1 13832
E 71403814 1 13832
E 71403821 1 13832
E 71403824 1 13832
E 71403839 1 13832
E 71403844 1 13832
E 71403849 1 13832
E 71403854 1 13832
E 71403858 1 13832
E 71403863 1 13832
E 71403868 1 13832
E 71403874 1 13832
E 71403879 1 13832
E 71403883 1 13832
E 71403889 1 13832
E 71403894 1 13832
E 71403899 1 13832
E 71403904 1 13832
E 71403908 1 13832
E 71403923 1 13832
E 71403928 1 13832
E 71403934 1 13832
E 71403940 1 13832
E 71403947 1 13832
E 71403950 1 13832
E 71403954 1 13832
E 71403961 1 13832
E 71403964 1 13832
E 71403970 1 13832
E 71403974 1 13832
E 71403982 1 13832
E 71403985 1 13832
E 71403989 1 13832
E 71403997 1 13832
E 71404006 1 13832
E 71404008 1 13832
E 71404013 1 13832
E 71404019 1 13832
E 71404025 1 13832
E 71404028 1 13832
E 71404034 1 13832
E 71404039 1 13832
E 71404043 1 13832
E 71404048 1 13832
E 71404055 1 13832
E 71404058 1 13832
E 71404064 1 13832
E 71404068 1 13832
E 71404074 1 13832
E 71404078 1 13832
E 71404083 1 13832
E 71404089 1 13832
E 71404094 1 13832
E 71404098 1 13832
E 71404105 1 13832
E 71404109 1 13832
E 71404114 1 13832
E 71404119 1 13832
E 71404123 1 13832
E 71404128 1 13832
E 71404134 1 13832
E 71404138 1 13832
E 71404143 1 13832
E 71404148 1 13832
E 71404153 1 13832
E 71404158 1 13832
E 71404163 1 13832
E 71404168 1 13832
E 71404173 1 13832
E 71404178 1 13832
E 71404183 1 13832
E 71404188 1 13832
E 71404193 1 13832
E 71404198 1 13832
E 71404203 1 13832
E 71404208 1 13832
E 71404213 1 13832
E 71404218 1 13832
E 71404223 1 13832
E 71404228 1 13832
E 71404233 1 13832
E 71404238 1 13832
E 71404244 1 13832
E 71404248 1 13832
E 71404253 1 13832
E 71404258 1 13832
E 71404263 1 13832
E 71404268 1 13832
E 71404273 1 13832
E 71404278 1 13832
E 71404283 1 13832
E 71404288 1 13832
E 71404293 1 13832
E 71404298 1 13832
E 71404303 1 13832
E 71404308 1 13832
E 71404313 1 13832
E 71404318 1 13832
E 71404323 1 13832
E 71404328 1 13832
E 71404333 1 13832
E 71404338 1 13832
E 71404343 1 13832
E 71404348 1 13832
E 71404353 1 13832
E 71404358 1 13832
E 71404363 1 13832
E 71404368 1 13832