IMU 71406099 0 0 0 0 0
IMU 71406119 0 0 -1.62861 3.73345 -137.875
IMU 71406139 0 0 -1.66632 3.85983 -137.794
IMU 71406149 0 0 -1.75292 3.83318 -137.744
IMU 71406169 0 0 -1.81898 3.81495 -137.69
IMU 71406179 0 0 -1.80633 3.80376 -137.653
IMU 71406199 0 0 -1.81489 3.845 -137.553
IMU 71406219 0 0 -1.82673 3.83076 -137.494
IMU 71406229 0 0 -1.8412 3.85576 -137.45
IMU 71406249 0 0 -1.80301 3.79036 -137.379
IMU 71406259 0 0 -1.80171 3.80233 -137.328
IMU 71406279 0 0 -1.75434 3.80065 -137.242
IMU 71406299 0 0 -1.78369 3.83693 -137.143
IMU 71406319 0 0 -1.70434 3.81552 -137.276
IMU 71406339 0 0 -1.65246 3.7472 -137.322
IMU 71406359 0 0 -1.6114 3.73882 -137.458
IMU 71406369 0 0 -1.58759 3.71789 -137.486
IMU 71406389 0 0 -1.57274 3.75011 -137.658
IMU 71406399 0 0 -1.61005 3.74335 -137.637
IMU 71406419 0 0 -1.64282 3.72148 -137.709
IMU 71406439 0 0 -1.64683 3.78229 -137.699
IMU 71406459 0 0 -1.67643 3.76135 -137.734
IMU 71406469 0 0 -1.69023 3.75098 -137.742
IMU 71406489 0 0 -1.67561 3.74122 -137.803
IMU 71406509 0 0 -1.70835 3.69773 -137.788
IMU 71406529 0 0 -1.7083 3.74229 -137.823
IMU 71406539 0 0 -1.68737 3.71635 -137.793
IMU 71406559 0 0 -1.71073 3.72847 -137.805
IMU 71406579 0 0 -1.70294 3.72335 -137.802
IMU 71406599 0 0 -1.66981 3.70056 -137.865
IMU 71406619 0 0 -1.66356 3.70942 -137.884
IMU 71406629 0 0 -1.69052 3.72305 -137.886
IMU 71406649 0 0 -1.72378 3.7804 -137.886
IMU 71406659 0 0 -1.71358 3.7561 -137.904
IMU 71406679 0 0 -1.69793 3.75274 -137.87
IMU 71406689 0 0 -1.71627 3.76773 -137.858
IMU 71406709 0 0 -1.71279 3.74877 -137.938
IMU 71406729 0 0 -1.71281 3.76891 -137.975
IMU 71406739 0 0 -1.73723 3.76191 -138.013
IMU 71406759 0 0 -1.72803 3.73438 -137.98
IMU 71406779 0 0 -1.7278 3.739 -138.021
IMU 71406799 0 0 -1.71532 3.71148 -138.031
IMU 71406809 0 0 -1.72037 3.75901 -138.017
IMU 71406819 0 0 -1.69629 3.77448 -138.014
IMU 71406839 0 0 -1.72254 3.7756 -138.03
IMU 71406859 0 0 -1.74169 3.79977 -138.002
IMU 71406869 0 0 -1.75632 3.78677 -138.012
IMU 71406879 0 0 -1.74549 3.80026 -138.01
IMU 71406899 0 0 -1.73754 3.81196 -138.066
IMU 71406909 0 0 -1.73708 3.81387 -138.055
IMU 71406929 0 0 -1.71759 3.79773 -138.052
IMU 71406949 0 0 -1.68877 3.75783 -138.034
IMU 71406969 0 0 -1.65522 3.74034 -138.007
IMU 71406979 0 0 -1.64677 3.73338 -138.028
IMU 71406999 0 0 -1.64934 3.71048 -138.031
IMU 71407019 0 0 -1.68776 3.72751 -137.997
IMU 71407029 0 0 -1.69269 3.73132 -138.015
IMU 71407049 0 0 -1.69352 3.73753 -138.017
IMU 71407059 0 0 -1.70725 3.75565 -137.993
IMU 71407079 0 0 -1.73278 3.73778 -137.976
IMU 71407089 39.8195 181 -1.73086 3.73267 -137.988
IMU 71407109 39.8195 181 -1.74338 3.74885 -137.959
IMU 71407129 39.8195 181 -1.74307 3.71158 -137.952
IMU 71407149 39.8195 181 -1.74472 3.72577 -137.971
IMU 71407169 39.8195 181 -1.72814 3.69178 -137.95
IMU 71407189 39.8195 181 -1.72537 3.67676 -137.873
IMU 71407199 39.8195 181 -1.73452 3.68464 -137.907
IMU 71407219 39.8195 181 -1.71495 3.68213 -137.89
IMU 71407239 39.8195 181 -1.70676 3.70868 -137.882
IMU 71407249 39.8195 181 -1.71824 3.6952 -137.867
IMU 71407269 39.8195 181 -1.72124 3.71622 -137.888
IMU 71407289 39.8195 181 -1.73124 3.7333 -137.902
IMU 71407299 39.8195 181 -1.72858 3.72771 -137.931
IMU 71407319 39.8195 181 -1.72797 3.74038 -137.912
IMU 71407340 39.8195 181 -1.73492 3.72705 -137.949
IMU 71407359 39.8195 181 -1.73779 3.74458 -137.938
IMU 71407369 39.8195 181 -1.72576 3.7231 -137.927
IMU 71407389 39.8195 181 -1.7105 3.74699 -137.932
IMU 71407409 39.8195 181 -1.711 3.75075 -137.936
IMU 71407419 39.8195 181 -1.71579 3.72515 -137.938
IMU 71407439 39.8195 181 -1.73839 3.73122 -137.923
IMU 71407459 39.8195 181 -1.74507 3.70938 -137.929
IMU 71407479 39.8195 181 -1.75462 3.72557 -137.916
IMU 71407489 39.8195 181 -1.74519 3.7283 -137.951
IMU 71407499 39.8195 181 -1.74332 3.72641 -137.99
IMU 71407519 39.8195 181 -1.75198 3.73998 -137.935
IMU 71407529 39.8195 181 -1.74274 3.72952 -137.958
IMU 71407539 39.8195 181 -1.74162 3.72385 -137.972
IMU 71407559 39.8195 181 -1.73873 3.73378 -137.939
IMU 71407579 39.8195 181 -1.762 3.74621 -137.919
IMU 71407599 39.8195 181 -1.73151 3.75075 -137.905
IMU 71407619 39.8195 181 -1.6918 3.76574 -137.916
IMU 71407639 39.8195 181 -1.7009 3.76428 -137.884
IMU 71407649 39.8195 181 -1.6979 3.77595 -137.884
IMU 71407669 39.8195 181 -1.71156 3.77435 -137.903
IMU 71407679 39.8195 181 -1.73352 3.79967 -137.928
IMU 71407699 39.8195 181 -1.7502 3.79891 -137.937
IMU 71407719 39.8195 181 -1.73616 3.75969 -137.921
IMU 71407739 39.8195 181 -1.74536 3.75088 -137.915
IMU 71407760 39.8195 181 -1.73641 3.72735 -137.9
IMU 71407779 39.8195 181 -1.74982 3.71206 -137.907
IMU 71407790 39.8195 181 -1.76277 3.71478 -137.885
IMU 71407809 39.8195 181 -1.75359 3.71635 -137.867
IMU 71407829 39.8195 181 -1.70543 3.71278 -137.868
IMU 71407839 39.8195 181 -1.72491 3.73278 -137.848
IMU 71407849 39.8195 181 -1.7032 3.74139 -137.871
IMU 71407859 39.8195 181 -1.72687 3.72957 -137.866
IMU 71407879 39.8195 181 -1.71121 3.74294 -137.892
IMU 71407889 39.8195 181 -1.73495 3.75815 -137.874
IMU 71407899 39.8195 181 -1.75464 3.76519 -137.856
IMU 71407919 39.8195 181 -1.78149 3.76278 -137.835
IMU 71407929 39.8195 181 -1.78353 3.77464 -137.85
IMU 71407939 39.8195 181 -1.77345 3.77867 -137.83
IMU 71407959 39.8195 181 -1.7822 3.75181 -137.866
IMU 71407979 39.8195 181 -1.7805 3.74392 -137.873
IMU 71407989 39.8195 181 -1.76441 3.72103 -137.858
IMU 71408009 39.8195 181 -1.76068 3.72365 -137.901
IMU 71408019 39.8195 181 -1.76663 3.71792 -137.897
IMU 71408039 39.8195 181 -1.74236 3.72184 -137.871
IMU 71408059 39.8195 181 -1.75935 3.74172 -137.881